Date                        Outside Temperature         Humidity        Soil Moisture Level         Battery Voltage     Light Level         PICO Temperature        Rain Events
Tue Mar  9 14:30:50 2021	203							92				74							18					148					244						64
Tue Mar  9 14:30:50 2021	203							92				74							18					148					244						64
Tue Mar  9 15:15:19 2021	203							92				74							18					148					244						64
Tue Mar  9 15:15:20 2021	203							92				74							18					148					244						64
Tue Mar  9 15:15:25 2021	203							92				74							18					148					244						64
Tue Mar  9 15:15:26 2021	203							92				74							18					148					244						64
Tue Mar  9 15:15:31 2021	203							92				74							18					148					244						64
Tue Mar  9 15:15:32 2021	203							92				74							18					148					244						64
Tue Mar  9 15:16:02 2021	48							247				85							27					96					246						68
Tue Mar  9 15:16:03 2021	48							247				85							27					96					246						68
Tue Mar  9 15:16:08 2021	48							247				85							27					96					246						68
Tue Mar  9 15:16:09 2021	48							247				85							27					96					246						68
Tue Mar  9 15:16:30 2021	168							70				106							102					164					175						73
Tue Mar  9 15:16:31 2021	168							70				106							102					164					175						73
Tue Mar  9 15:16:36 2021	168							70				106							102					164					175						73
Tue Mar  9 15:16:37 2021	168							70				106							102					164					175						73
Tue Mar  9 15:16:45 2021	168							70				106							102					164					175						73
Tue Mar  9 15:16:46 2021	168							70				106							102					164					175						73
Tue Mar  9 15:16:51 2021	168							70				106							102					164					175						73
Tue Mar  9 15:16:52 2021	168							70				106							102					164					175						73
Tue Mar  9 15:16:57 2021	168							70				106							102					164					175						73
Tue Mar  9 15:16:58 2021	168							70				106							102					164					175						73
Tue Mar  9 15:17:03 2021	168							70				106							102					164					175						73
Tue Mar  9 15:17:04 2021	168							70				106							102					164					175						73
Tue Mar  9 15:30:52 2021	168							70				106							102					164					175						73
Tue Mar  9 15:30:54 2021	168							70				106							102					164					175						73
